33333333333333333333333333333333333333
33333333333333333333333333333333333333
33333333333333333333333333333333333333
33333333333333333333333333333333333333
33333333333333333333333333333333333333
33333333333333333333333333333333333333
33333333333333333333333333333333333333
33333333333333333333333333333333333333
33333333333333333333333333333333333333
33333333333333333333333333333333333333
33333333333333333333333333333333333333
33333333333333333333333333333333333333
33333333333333333333333333333333333333
33333333333333333333333333333333333333
33333333333333333333333333333333333333
33333333333333333333333333333333333333
33333333333333333333333333333333333333
33333333333333333333333333333333333333
33333333333333333300333333333333333333
33333000333333333300333333333333333333      
00000000000000000000000000000000000000       